100110101010010101110111
100111001011001110101000
011100110010000011100100
110001111100011101111100
011101101110110110110110
010011110001000100100110
001000111000001110000111
011010000100101000111100
110001010100111101011100
011000011000010101101100
011001001011111010000111
101100001110001101010111
111000100101110001110011
000111101000110100011010
000001011110101101111110
001110100111111110111010
110010111101011001010000
010000100010110011101011
100011001011001011110010
011011111101110100010000
111111110100010000110011
101011110100011010000110
001100110111110011101011
111011110001100110101111
001100001011100110011011
110010101000101010011000
110010100010101000110011
010000011001111101101011
010111011001011100110101
010101000100001100011101
010011100111101000011011
010110110111010100101010
011111010101110000111001
001111110000111000010000
100000011111101110100110
100001011110011100010101
110110000000001100000101
001010111001011010100111